1 3 5 7 9 11 13 15 17 19 21 23 25
27 29 31 33 35 37 39 41 43 45 47 49 51
53 55 57 59 61 63 65 67 69 71 73 75 77
79 81 83 85 87 89 91 93 95 97 99 101 103
105 107 109 111 113 115 117 119 121 123 125 127 129
131 133 135 137 139 141 143 145 147 149 151 153 155
157 159 161 163 165 167 169 171 173 175 177 179 181
183 185 187 189 191 193 195 197 199 201 203 205 207
209 211 213 215 217 219 221 223 225 227 229 231 233
235 237 239 241 243 245 247 249 251 253 255 257 259
261 263 265 267 269 271 273 275 277 279 281 283 285
287 289 291 293 295 297 299 301 303 305 307 309 311
313 315 317 319 321 323 325 327 329 331 333 335 337
339 341 343 345 347 349 351 353 355 357 359 361 363
2 4 6 8 10 12 14 16 18 20 22 24 26
28 30 32 34 36 38 40 42 44 46 48 50 52
54 56 58 60 62 64 66 68 70 72 74 76 78
80 82 84 86 88 90 92 94 96 98 100 102 104
106 108 110 112 114 116 118 120 122 124 126 128 130
132 134 136 138 140 142 144 146 148 150 152 154 156
158 160 162 164 166 168 170 172 174 176 178 180 182
184 186 188 190 192 194 196 198 200 202 204 206 208
210 212 214 216 218 220 222 224 226 228 230 232 234
236 238 240 242 244 246 248 250 252 254 256 258 260
262 264 266 268 270 272 274 276 278 280 282 284 286
288 290 292 294 296 298 300 302 304 306 308 310 312
314 316 318 320 322 324 326 328 330 332 334 336 338
340 342 344 346 348 350 352 354 356 358 360 362 364
2 28
2 54
2 80
2 106
2 132
2 158
2 184
2 210
2 236
2 262
2 288
2 314
2 340
28 54
28 80
28 106
28 132
28 158
28 184
28 210
28 236
28 262
28 288
28 314
28 340
54 80
54 106
54 132
54 158
54 184
54 210
54 236
54 262
54 288
54 314
54 340
80 106
80 132
80 158
80 184
80 210
80 236
80 262
80 288
80 314
80 340
106 132
106 158
106 184
106 210
106 236
106 262
106 288
106 314
106 340
132 158
132 184
132 210
132 236
132 262
132 288
132 314
132 340
158 184
158 210
158 236
158 262
158 288
158 314
158 340
184 210
184 236
184 262
184 288
184 314
184 340
210 236
210 262
210 288
210 314
210 340
236 262
236 288
236 314
236 340
262 288
262 314
262 340
288 314
288 340
314 340
4 30
4 56
4 82
4 108
4 134
4 160
4 186
4 212
4 238
4 264
4 290
4 316
4 342
30 56
30 82
30 108
30 134
30 160
30 186
30 212
30 238
30 264
30 290
30 316
30 342
56 82
56 108
56 134
56 160
56 186
56 212
56 238
56 264
56 290
56 316
56 342
82 108
82 134
82 160
82 186
82 212
82 238
82 264
82 290
82 316
82 342
108 134
108 160
108 186
108 212
108 238
108 264
108 290
108 316
108 342
134 160
134 186
134 212
134 238
134 264
134 290
134 316
134 342
160 186
160 212
160 238
160 264
160 290
160 316
160 342
186 212
186 238
186 264
186 290
186 316
186 342
212 238
212 264
212 290
212 316
212 342
238 264
238 290
238 316
238 342
264 290
264 316
264 342
290 316
290 342
316 342
6 32
6 58
6 84
6 110
6 136
6 162
6 188
6 214
6 240
6 266
6 292
6 318
6 344
32 58
32 84
32 110
32 136
32 162
32 188
32 214
32 240
32 266
32 292
32 318
32 344
58 84
58 110
58 136
58 162
58 188
58 214
58 240
58 266
58 292
58 318
58 344
84 110
84 136
84 162
84 188
84 214
84 240
84 266
84 292
84 318
84 344
110 136
110 162
110 188
110 214
110 240
110 266
110 292
110 318
110 344
136 162
136 188
136 214
136 240
136 266
136 292
136 318
136 344
162 188
162 214
162 240
162 266
162 292
162 318
162 344
188 214
188 240
188 266
188 292
188 318
188 344
214 240
214 266
214 292
214 318
214 344
240 266
240 292
240 318
240 344
266 292
266 318
266 344
292 318
292 344
318 344
8 34
8 60
8 86
8 112
8 138
8 164
8 190
8 216
8 242
8 268
8 294
8 320
8 346
34 60
34 86
34 112
34 138
34 164
34 190
34 216
34 242
34 268
34 294
34 320
34 346
60 86
60 112
60 138
60 164
60 190
60 216
60 242
60 268
60 294
60 320
60 346
86 112
86 138
86 164
86 190
86 216
86 242
86 268
86 294
86 320
86 346
112 138
112 164
112 190
112 216
112 242
112 268
112 294
112 320
112 346
138 164
138 190
138 216
138 242
138 268
138 294
138 320
138 346
164 190
164 216
164 242
164 268
164 294
164 320
164 346
190 216
190 242
190 268
190 294
190 320
190 346
216 242
216 268
216 294
216 320
216 346
242 268
242 294
242 320
242 346
268 294
268 320
268 346
294 320
294 346
320 346
10 36
10 62
10 88
10 114
10 140
10 166
10 192
10 218
10 244
10 270
10 296
10 322
10 348
36 62
36 88
36 114
36 140
36 166
36 192
36 218
36 244
36 270
36 296
36 322
36 348
62 88
62 114
62 140
62 166
62 192
62 218
62 244
62 270
62 296
62 322
62 348
88 114
88 140
88 166
88 192
88 218
88 244
88 270
88 296
88 322
88 348
114 140
114 166
114 192
114 218
114 244
114 270
114 296
114 322
114 348
140 166
140 192
140 218
140 244
140 270
140 296
140 322
140 348
166 192
166 218
166 244
166 270
166 296
166 322
166 348
192 218
192 244
192 270
192 296
192 322
192 348
218 244
218 270
218 296
218 322
218 348
244 270
244 296
244 322
244 348
270 296
270 322
270 348
296 322
296 348
322 348
12 38
12 64
12 90
12 116
12 142
12 168
12 194
12 220
12 246
12 272
12 298
12 324
12 350
38 64
38 90
38 116
38 142
38 168
38 194
38 220
38 246
38 272
38 298
38 324
38 350
64 90
64 116
64 142
64 168
64 194
64 220
64 246
64 272
64 298
64 324
64 350
90 116
90 142
90 168
90 194
90 220
90 246
90 272
90 298
90 324
90 350
116 142
116 168
116 194
116 220
116 246
116 272
116 298
116 324
116 350
142 168
142 194
142 220
142 246
142 272
142 298
142 324
142 350
168 194
168 220
168 246
168 272
168 298
168 324
168 350
194 220
194 246
194 272
194 298
194 324
194 350
220 246
220 272
220 298
220 324
220 350
246 272
246 298
246 324
246 350
272 298
272 324
272 350
298 324
298 350
324 350
14 40
14 66
14 92
14 118
14 144
14 170
14 196
14 222
14 248
14 274
14 300
14 326
14 352
40 66
40 92
40 118
40 144
40 170
40 196
40 222
40 248
40 274
40 300
40 326
40 352
66 92
66 118
66 144
66 170
66 196
66 222
66 248
66 274
66 300
66 326
66 352
92 118
92 144
92 170
92 196
92 222
92 248
92 274
92 300
92 326
92 352
118 144
118 170
118 196
118 222
118 248
118 274
118 300
118 326
118 352
144 170
144 196
144 222
144 248
144 274
144 300
144 326
144 352
170 196
170 222
170 248
170 274
170 300
170 326
170 352
196 222
196 248
196 274
196 300
196 326
196 352
222 248
222 274
222 300
222 326
222 352
248 274
248 300
248 326
248 352
274 300
274 326
274 352
300 326
300 352
326 352
16 42
16 68
16 94
16 120
16 146
16 172
16 198
16 224
16 250
16 276
16 302
16 328
16 354
42 68
42 94
42 120
42 146
42 172
42 198
42 224
42 250
42 276
42 302
42 328
42 354
68 94
68 120
68 146
68 172
68 198
68 224
68 250
68 276
68 302
68 328
68 354
94 120
94 146
94 172
94 198
94 224
94 250
94 276
94 302
94 328
94 354
120 146
120 172
120 198
120 224
120 250
120 276
120 302
120 328
120 354
146 172
146 198
146 224
146 250
146 276
146 302
146 328
146 354
172 198
172 224
172 250
172 276
172 302
172 328
172 354
198 224
198 250
198 276
198 302
198 328
198 354
224 250
224 276
224 302
224 328
224 354
250 276
250 302
250 328
250 354
276 302
276 328
276 354
302 328
302 354
328 354
18 44
18 70
18 96
18 122
18 148
18 174
18 200
18 226
18 252
18 278
18 304
18 330
18 356
44 70
44 96
44 122
44 148
44 174
44 200
44 226
44 252
44 278
44 304
44 330
44 356
70 96
70 122
70 148
70 174
70 200
70 226
70 252
70 278
70 304
70 330
70 356
96 122
96 148
96 174
96 200
96 226
96 252
96 278
96 304
96 330
96 356
122 148
122 174
122 200
122 226
122 252
122 278
122 304
122 330
122 356
148 174
148 200
148 226
148 252
148 278
148 304
148 330
148 356
174 200
174 226
174 252
174 278
174 304
174 330
174 356
200 226
200 252
200 278
200 304
200 330
200 356
226 252
226 278
226 304
226 330
226 356
252 278
252 304
252 330
252 356
278 304
278 330
278 356
304 330
304 356
330 356
20 46
20 72
20 98
20 124
20 150
20 176
20 202
20 228
20 254
20 280
20 306
20 332
20 358
46 72
46 98
46 124
46 150
46 176
46 202
46 228
46 254
46 280
46 306
46 332
46 358
72 98
72 124
72 150
72 176
72 202
72 228
72 254
72 280
72 306
72 332
72 358
98 124
98 150
98 176
98 202
98 228
98 254
98 280
98 306
98 332
98 358
124 150
124 176
124 202
124 228
124 254
124 280
124 306
124 332
124 358
150 176
150 202
150 228
150 254
150 280
150 306
150 332
150 358
176 202
176 228
176 254
176 280
176 306
176 332
176 358
202 228
202 254
202 280
202 306
202 332
202 358
228 254
228 280
228 306
228 332
228 358
254 280
254 306
254 332
254 358
280 306
280 332
280 358
306 332
306 358
332 358
22 48
22 74
22 100
22 126
22 152
22 178
22 204
22 230
22 256
22 282
22 308
22 334
22 360
48 74
48 100
48 126
48 152
48 178
48 204
48 230
48 256
48 282
48 308
48 334
48 360
74 100
74 126
74 152
74 178
74 204
74 230
74 256
74 282
74 308
74 334
74 360
100 126
100 152
100 178
100 204
100 230
100 256
100 282
100 308
100 334
100 360
126 152
126 178
126 204
126 230
126 256
126 282
126 308
126 334
126 360
152 178
152 204
152 230
152 256
152 282
152 308
152 334
152 360
178 204
178 230
178 256
178 282
178 308
178 334
178 360
204 230
204 256
204 282
204 308
204 334
204 360
230 256
230 282
230 308
230 334
230 360
256 282
256 308
256 334
256 360
282 308
282 334
282 360
308 334
308 360
334 360
24 50
24 76
24 102
24 128
24 154
24 180
24 206
24 232
24 258
24 284
24 310
24 336
24 362
50 76
50 102
50 128
50 154
50 180
50 206
50 232
50 258
50 284
50 310
50 336
50 362
76 102
76 128
76 154
76 180
76 206
76 232
76 258
76 284
76 310
76 336
76 362
102 128
102 154
102 180
102 206
102 232
102 258
102 284
102 310
102 336
102 362
128 154
128 180
128 206
128 232
128 258
128 284
128 310
128 336
128 362
154 180
154 206
154 232
154 258
154 284
154 310
154 336
154 362
180 206
180 232
180 258
180 284
180 310
180 336
180 362
206 232
206 258
206 284
206 310
206 336
206 362
232 258
232 284
232 310
232 336
232 362
258 284
258 310
258 336
258 362
284 310
284 336
284 362
310 336
310 362
336 362
26 52
26 78
26 104
26 130
26 156
26 182
26 208
26 234
26 260
26 286
26 312
26 338
26 364
52 78
52 104
52 130
52 156
52 182
52 208
52 234
52 260
52 286
52 312
52 338
52 364
78 104
78 130
78 156
78 182
78 208
78 234
78 260
78 286
78 312
78 338
78 364
104 130
104 156
104 182
104 208
104 234
104 260
104 286
104 312
104 338
104 364
130 156
130 182
130 208
130 234
130 260
130 286
130 312
130 338
130 364
156 182
156 208
156 234
156 260
156 286
156 312
156 338
156 364
182 208
182 234
182 260
182 286
182 312
182 338
182 364
208 234
208 260
208 286
208 312
208 338
208 364
234 260
234 286
234 312
234 338
234 364
260 286
260 312
260 338
260 364
286 312
286 338
286 364
312 338
312 364
338 364
