1 3 5 7 9 11 13
15 17 19 21 23 25 27
29 31 33 35 37 39 41
43 45 47 49 51 53 55
57 59 61 63 65 67 69
71 73 75 77 79 81 83
85 87 89 91 93 95 97
99 101 103 105 107 109 111
2 4 6 8 10 12 14
16 18 20 22 24 26 28
30 32 34 36 38 40 42
44 46 48 50 52 54 56
58 60 62 64 66 68 70
72 74 76 78 80 82 84
86 88 90 92 94 96 98
100 102 104 106 108 110 112
2 16
2 30
2 44
2 58
2 72
2 86
2 100
16 30
16 44
16 58
16 72
16 86
16 100
30 44
30 58
30 72
30 86
30 100
44 58
44 72
44 86
44 100
58 72
58 86
58 100
72 86
72 100
86 100
4 18
4 32
4 46
4 60
4 74
4 88
4 102
18 32
18 46
18 60
18 74
18 88
18 102
32 46
32 60
32 74
32 88
32 102
46 60
46 74
46 88
46 102
60 74
60 88
60 102
74 88
74 102
88 102
6 20
6 34
6 48
6 62
6 76
6 90
6 104
20 34
20 48
20 62
20 76
20 90
20 104
34 48
34 62
34 76
34 90
34 104
48 62
48 76
48 90
48 104
62 76
62 90
62 104
76 90
76 104
90 104
8 22
8 36
8 50
8 64
8 78
8 92
8 106
22 36
22 50
22 64
22 78
22 92
22 106
36 50
36 64
36 78
36 92
36 106
50 64
50 78
50 92
50 106
64 78
64 92
64 106
78 92
78 106
92 106
10 24
10 38
10 52
10 66
10 80
10 94
10 108
24 38
24 52
24 66
24 80
24 94
24 108
38 52
38 66
38 80
38 94
38 108
52 66
52 80
52 94
52 108
66 80
66 94
66 108
80 94
80 108
94 108
12 26
12 40
12 54
12 68
12 82
12 96
12 110
26 40
26 54
26 68
26 82
26 96
26 110
40 54
40 68
40 82
40 96
40 110
54 68
54 82
54 96
54 110
68 82
68 96
68 110
82 96
82 110
96 110
14 28
14 42
14 56
14 70
14 84
14 98
14 112
28 42
28 56
28 70
28 84
28 98
28 112
42 56
42 70
42 84
42 98
42 112
56 70
56 84
56 98
56 112
70 84
70 98
70 112
84 98
84 112
98 112
