1 3 5 7 9
11 13 15 17 19
21 23 25 27 29
31 33 35 37 39
41 43 45 47 49
51 53 55 57 59
2 4 6 8 10
12 14 16 18 20
22 24 26 28 30
32 34 36 38 40
42 44 46 48 50
52 54 56 58 60
2 12
2 22
2 32
2 42
2 52
12 22
12 32
12 42
12 52
22 32
22 42
22 52
32 42
32 52
42 52
4 14
4 24
4 34
4 44
4 54
14 24
14 34
14 44
14 54
24 34
24 44
24 54
34 44
34 54
44 54
6 16
6 26
6 36
6 46
6 56
16 26
16 36
16 46
16 56
26 36
26 46
26 56
36 46
36 56
46 56
8 18
8 28
8 38
8 48
8 58
18 28
18 38
18 48
18 58
28 38
28 48
28 58
38 48
38 58
48 58
10 20
10 30
10 40
10 50
10 60
20 30
20 40
20 50
20 60
30 40
30 50
30 60
40 50
40 60
50 60
