1 3 5 7 9 11 13 15 17
19 21 23 25 27 29 31 33 35
37 39 41 43 45 47 49 51 53
55 57 59 61 63 65 67 69 71
73 75 77 79 81 83 85 87 89
91 93 95 97 99 101 103 105 107
109 111 113 115 117 119 121 123 125
127 129 131 133 135 137 139 141 143
145 147 149 151 153 155 157 159 161
163 165 167 169 171 173 175 177 179
2 4 6 8 10 12 14 16 18
20 22 24 26 28 30 32 34 36
38 40 42 44 46 48 50 52 54
56 58 60 62 64 66 68 70 72
74 76 78 80 82 84 86 88 90
92 94 96 98 100 102 104 106 108
110 112 114 116 118 120 122 124 126
128 130 132 134 136 138 140 142 144
146 148 150 152 154 156 158 160 162
164 166 168 170 172 174 176 178 180
2 20
2 38
2 56
2 74
2 92
2 110
2 128
2 146
2 164
20 38
20 56
20 74
20 92
20 110
20 128
20 146
20 164
38 56
38 74
38 92
38 110
38 128
38 146
38 164
56 74
56 92
56 110
56 128
56 146
56 164
74 92
74 110
74 128
74 146
74 164
92 110
92 128
92 146
92 164
110 128
110 146
110 164
128 146
128 164
146 164
4 22
4 40
4 58
4 76
4 94
4 112
4 130
4 148
4 166
22 40
22 58
22 76
22 94
22 112
22 130
22 148
22 166
40 58
40 76
40 94
40 112
40 130
40 148
40 166
58 76
58 94
58 112
58 130
58 148
58 166
76 94
76 112
76 130
76 148
76 166
94 112
94 130
94 148
94 166
112 130
112 148
112 166
130 148
130 166
148 166
6 24
6 42
6 60
6 78
6 96
6 114
6 132
6 150
6 168
24 42
24 60
24 78
24 96
24 114
24 132
24 150
24 168
42 60
42 78
42 96
42 114
42 132
42 150
42 168
60 78
60 96
60 114
60 132
60 150
60 168
78 96
78 114
78 132
78 150
78 168
96 114
96 132
96 150
96 168
114 132
114 150
114 168
132 150
132 168
150 168
8 26
8 44
8 62
8 80
8 98
8 116
8 134
8 152
8 170
26 44
26 62
26 80
26 98
26 116
26 134
26 152
26 170
44 62
44 80
44 98
44 116
44 134
44 152
44 170
62 80
62 98
62 116
62 134
62 152
62 170
80 98
80 116
80 134
80 152
80 170
98 116
98 134
98 152
98 170
116 134
116 152
116 170
134 152
134 170
152 170
10 28
10 46
10 64
10 82
10 100
10 118
10 136
10 154
10 172
28 46
28 64
28 82
28 100
28 118
28 136
28 154
28 172
46 64
46 82
46 100
46 118
46 136
46 154
46 172
64 82
64 100
64 118
64 136
64 154
64 172
82 100
82 118
82 136
82 154
82 172
100 118
100 136
100 154
100 172
118 136
118 154
118 172
136 154
136 172
154 172
12 30
12 48
12 66
12 84
12 102
12 120
12 138
12 156
12 174
30 48
30 66
30 84
30 102
30 120
30 138
30 156
30 174
48 66
48 84
48 102
48 120
48 138
48 156
48 174
66 84
66 102
66 120
66 138
66 156
66 174
84 102
84 120
84 138
84 156
84 174
102 120
102 138
102 156
102 174
120 138
120 156
120 174
138 156
138 174
156 174
14 32
14 50
14 68
14 86
14 104
14 122
14 140
14 158
14 176
32 50
32 68
32 86
32 104
32 122
32 140
32 158
32 176
50 68
50 86
50 104
50 122
50 140
50 158
50 176
68 86
68 104
68 122
68 140
68 158
68 176
86 104
86 122
86 140
86 158
86 176
104 122
104 140
104 158
104 176
122 140
122 158
122 176
140 158
140 176
158 176
16 34
16 52
16 70
16 88
16 106
16 124
16 142
16 160
16 178
34 52
34 70
34 88
34 106
34 124
34 142
34 160
34 178
52 70
52 88
52 106
52 124
52 142
52 160
52 178
70 88
70 106
70 124
70 142
70 160
70 178
88 106
88 124
88 142
88 160
88 178
106 124
106 142
106 160
106 178
124 142
124 160
124 178
142 160
142 178
160 178
18 36
18 54
18 72
18 90
18 108
18 126
18 144
18 162
18 180
36 54
36 72
36 90
36 108
36 126
36 144
36 162
36 180
54 72
54 90
54 108
54 126
54 144
54 162
54 180
72 90
72 108
72 126
72 144
72 162
72 180
90 108
90 126
90 144
90 162
90 180
108 126
108 144
108 162
108 180
126 144
126 162
126 180
144 162
144 180
162 180
