1 3 5 7 9 11 13 15 17 19 21 23
25 27 29 31 33 35 37 39 41 43 45 47
49 51 53 55 57 59 61 63 65 67 69 71
73 75 77 79 81 83 85 87 89 91 93 95
97 99 101 103 105 107 109 111 113 115 117 119
121 123 125 127 129 131 133 135 137 139 141 143
145 147 149 151 153 155 157 159 161 163 165 167
169 171 173 175 177 179 181 183 185 187 189 191
193 195 197 199 201 203 205 207 209 211 213 215
217 219 221 223 225 227 229 231 233 235 237 239
241 243 245 247 249 251 253 255 257 259 261 263
265 267 269 271 273 275 277 279 281 283 285 287
289 291 293 295 297 299 301 303 305 307 309 311
2 4 6 8 10 12 14 16 18 20 22 24
26 28 30 32 34 36 38 40 42 44 46 48
50 52 54 56 58 60 62 64 66 68 70 72
74 76 78 80 82 84 86 88 90 92 94 96
98 100 102 104 106 108 110 112 114 116 118 120
122 124 126 128 130 132 134 136 138 140 142 144
146 148 150 152 154 156 158 160 162 164 166 168
170 172 174 176 178 180 182 184 186 188 190 192
194 196 198 200 202 204 206 208 210 212 214 216
218 220 222 224 226 228 230 232 234 236 238 240
242 244 246 248 250 252 254 256 258 260 262 264
266 268 270 272 274 276 278 280 282 284 286 288
290 292 294 296 298 300 302 304 306 308 310 312
2 26
2 50
2 74
2 98
2 122
2 146
2 170
2 194
2 218
2 242
2 266
2 290
26 50
26 74
26 98
26 122
26 146
26 170
26 194
26 218
26 242
26 266
26 290
50 74
50 98
50 122
50 146
50 170
50 194
50 218
50 242
50 266
50 290
74 98
74 122
74 146
74 170
74 194
74 218
74 242
74 266
74 290
98 122
98 146
98 170
98 194
98 218
98 242
98 266
98 290
122 146
122 170
122 194
122 218
122 242
122 266
122 290
146 170
146 194
146 218
146 242
146 266
146 290
170 194
170 218
170 242
170 266
170 290
194 218
194 242
194 266
194 290
218 242
218 266
218 290
242 266
242 290
266 290
4 28
4 52
4 76
4 100
4 124
4 148
4 172
4 196
4 220
4 244
4 268
4 292
28 52
28 76
28 100
28 124
28 148
28 172
28 196
28 220
28 244
28 268
28 292
52 76
52 100
52 124
52 148
52 172
52 196
52 220
52 244
52 268
52 292
76 100
76 124
76 148
76 172
76 196
76 220
76 244
76 268
76 292
100 124
100 148
100 172
100 196
100 220
100 244
100 268
100 292
124 148
124 172
124 196
124 220
124 244
124 268
124 292
148 172
148 196
148 220
148 244
148 268
148 292
172 196
172 220
172 244
172 268
172 292
196 220
196 244
196 268
196 292
220 244
220 268
220 292
244 268
244 292
268 292
6 30
6 54
6 78
6 102
6 126
6 150
6 174
6 198
6 222
6 246
6 270
6 294
30 54
30 78
30 102
30 126
30 150
30 174
30 198
30 222
30 246
30 270
30 294
54 78
54 102
54 126
54 150
54 174
54 198
54 222
54 246
54 270
54 294
78 102
78 126
78 150
78 174
78 198
78 222
78 246
78 270
78 294
102 126
102 150
102 174
102 198
102 222
102 246
102 270
102 294
126 150
126 174
126 198
126 222
126 246
126 270
126 294
150 174
150 198
150 222
150 246
150 270
150 294
174 198
174 222
174 246
174 270
174 294
198 222
198 246
198 270
198 294
222 246
222 270
222 294
246 270
246 294
270 294
8 32
8 56
8 80
8 104
8 128
8 152
8 176
8 200
8 224
8 248
8 272
8 296
32 56
32 80
32 104
32 128
32 152
32 176
32 200
32 224
32 248
32 272
32 296
56 80
56 104
56 128
56 152
56 176
56 200
56 224
56 248
56 272
56 296
80 104
80 128
80 152
80 176
80 200
80 224
80 248
80 272
80 296
104 128
104 152
104 176
104 200
104 224
104 248
104 272
104 296
128 152
128 176
128 200
128 224
128 248
128 272
128 296
152 176
152 200
152 224
152 248
152 272
152 296
176 200
176 224
176 248
176 272
176 296
200 224
200 248
200 272
200 296
224 248
224 272
224 296
248 272
248 296
272 296
10 34
10 58
10 82
10 106
10 130
10 154
10 178
10 202
10 226
10 250
10 274
10 298
34 58
34 82
34 106
34 130
34 154
34 178
34 202
34 226
34 250
34 274
34 298
58 82
58 106
58 130
58 154
58 178
58 202
58 226
58 250
58 274
58 298
82 106
82 130
82 154
82 178
82 202
82 226
82 250
82 274
82 298
106 130
106 154
106 178
106 202
106 226
106 250
106 274
106 298
130 154
130 178
130 202
130 226
130 250
130 274
130 298
154 178
154 202
154 226
154 250
154 274
154 298
178 202
178 226
178 250
178 274
178 298
202 226
202 250
202 274
202 298
226 250
226 274
226 298
250 274
250 298
274 298
12 36
12 60
12 84
12 108
12 132
12 156
12 180
12 204
12 228
12 252
12 276
12 300
36 60
36 84
36 108
36 132
36 156
36 180
36 204
36 228
36 252
36 276
36 300
60 84
60 108
60 132
60 156
60 180
60 204
60 228
60 252
60 276
60 300
84 108
84 132
84 156
84 180
84 204
84 228
84 252
84 276
84 300
108 132
108 156
108 180
108 204
108 228
108 252
108 276
108 300
132 156
132 180
132 204
132 228
132 252
132 276
132 300
156 180
156 204
156 228
156 252
156 276
156 300
180 204
180 228
180 252
180 276
180 300
204 228
204 252
204 276
204 300
228 252
228 276
228 300
252 276
252 300
276 300
14 38
14 62
14 86
14 110
14 134
14 158
14 182
14 206
14 230
14 254
14 278
14 302
38 62
38 86
38 110
38 134
38 158
38 182
38 206
38 230
38 254
38 278
38 302
62 86
62 110
62 134
62 158
62 182
62 206
62 230
62 254
62 278
62 302
86 110
86 134
86 158
86 182
86 206
86 230
86 254
86 278
86 302
110 134
110 158
110 182
110 206
110 230
110 254
110 278
110 302
134 158
134 182
134 206
134 230
134 254
134 278
134 302
158 182
158 206
158 230
158 254
158 278
158 302
182 206
182 230
182 254
182 278
182 302
206 230
206 254
206 278
206 302
230 254
230 278
230 302
254 278
254 302
278 302
16 40
16 64
16 88
16 112
16 136
16 160
16 184
16 208
16 232
16 256
16 280
16 304
40 64
40 88
40 112
40 136
40 160
40 184
40 208
40 232
40 256
40 280
40 304
64 88
64 112
64 136
64 160
64 184
64 208
64 232
64 256
64 280
64 304
88 112
88 136
88 160
88 184
88 208
88 232
88 256
88 280
88 304
112 136
112 160
112 184
112 208
112 232
112 256
112 280
112 304
136 160
136 184
136 208
136 232
136 256
136 280
136 304
160 184
160 208
160 232
160 256
160 280
160 304
184 208
184 232
184 256
184 280
184 304
208 232
208 256
208 280
208 304
232 256
232 280
232 304
256 280
256 304
280 304
18 42
18 66
18 90
18 114
18 138
18 162
18 186
18 210
18 234
18 258
18 282
18 306
42 66
42 90
42 114
42 138
42 162
42 186
42 210
42 234
42 258
42 282
42 306
66 90
66 114
66 138
66 162
66 186
66 210
66 234
66 258
66 282
66 306
90 114
90 138
90 162
90 186
90 210
90 234
90 258
90 282
90 306
114 138
114 162
114 186
114 210
114 234
114 258
114 282
114 306
138 162
138 186
138 210
138 234
138 258
138 282
138 306
162 186
162 210
162 234
162 258
162 282
162 306
186 210
186 234
186 258
186 282
186 306
210 234
210 258
210 282
210 306
234 258
234 282
234 306
258 282
258 306
282 306
20 44
20 68
20 92
20 116
20 140
20 164
20 188
20 212
20 236
20 260
20 284
20 308
44 68
44 92
44 116
44 140
44 164
44 188
44 212
44 236
44 260
44 284
44 308
68 92
68 116
68 140
68 164
68 188
68 212
68 236
68 260
68 284
68 308
92 116
92 140
92 164
92 188
92 212
92 236
92 260
92 284
92 308
116 140
116 164
116 188
116 212
116 236
116 260
116 284
116 308
140 164
140 188
140 212
140 236
140 260
140 284
140 308
164 188
164 212
164 236
164 260
164 284
164 308
188 212
188 236
188 260
188 284
188 308
212 236
212 260
212 284
212 308
236 260
236 284
236 308
260 284
260 308
284 308
22 46
22 70
22 94
22 118
22 142
22 166
22 190
22 214
22 238
22 262
22 286
22 310
46 70
46 94
46 118
46 142
46 166
46 190
46 214
46 238
46 262
46 286
46 310
70 94
70 118
70 142
70 166
70 190
70 214
70 238
70 262
70 286
70 310
94 118
94 142
94 166
94 190
94 214
94 238
94 262
94 286
94 310
118 142
118 166
118 190
118 214
118 238
118 262
118 286
118 310
142 166
142 190
142 214
142 238
142 262
142 286
142 310
166 190
166 214
166 238
166 262
166 286
166 310
190 214
190 238
190 262
190 286
190 310
214 238
214 262
214 286
214 310
238 262
238 286
238 310
262 286
262 310
286 310
24 48
24 72
24 96
24 120
24 144
24 168
24 192
24 216
24 240
24 264
24 288
24 312
48 72
48 96
48 120
48 144
48 168
48 192
48 216
48 240
48 264
48 288
48 312
72 96
72 120
72 144
72 168
72 192
72 216
72 240
72 264
72 288
72 312
96 120
96 144
96 168
96 192
96 216
96 240
96 264
96 288
96 312
120 144
120 168
120 192
120 216
120 240
120 264
120 288
120 312
144 168
144 192
144 216
144 240
144 264
144 288
144 312
168 192
168 216
168 240
168 264
168 288
168 312
192 216
192 240
192 264
192 288
192 312
216 240
216 264
216 288
216 312
240 264
240 288
240 312
264 288
264 312
288 312
