1 3 5 7 9 11 13 15 17 19 21
23 25 27 29 31 33 35 37 39 41 43
45 47 49 51 53 55 57 59 61 63 65
67 69 71 73 75 77 79 81 83 85 87
89 91 93 95 97 99 101 103 105 107 109
111 113 115 117 119 121 123 125 127 129 131
133 135 137 139 141 143 145 147 149 151 153
155 157 159 161 163 165 167 169 171 173 175
177 179 181 183 185 187 189 191 193 195 197
199 201 203 205 207 209 211 213 215 217 219
221 223 225 227 229 231 233 235 237 239 241
243 245 247 249 251 253 255 257 259 261 263
2 4 6 8 10 12 14 16 18 20 22
24 26 28 30 32 34 36 38 40 42 44
46 48 50 52 54 56 58 60 62 64 66
68 70 72 74 76 78 80 82 84 86 88
90 92 94 96 98 100 102 104 106 108 110
112 114 116 118 120 122 124 126 128 130 132
134 136 138 140 142 144 146 148 150 152 154
156 158 160 162 164 166 168 170 172 174 176
178 180 182 184 186 188 190 192 194 196 198
200 202 204 206 208 210 212 214 216 218 220
222 224 226 228 230 232 234 236 238 240 242
244 246 248 250 252 254 256 258 260 262 264
2 24
2 46
2 68
2 90
2 112
2 134
2 156
2 178
2 200
2 222
2 244
24 46
24 68
24 90
24 112
24 134
24 156
24 178
24 200
24 222
24 244
46 68
46 90
46 112
46 134
46 156
46 178
46 200
46 222
46 244
68 90
68 112
68 134
68 156
68 178
68 200
68 222
68 244
90 112
90 134
90 156
90 178
90 200
90 222
90 244
112 134
112 156
112 178
112 200
112 222
112 244
134 156
134 178
134 200
134 222
134 244
156 178
156 200
156 222
156 244
178 200
178 222
178 244
200 222
200 244
222 244
4 26
4 48
4 70
4 92
4 114
4 136
4 158
4 180
4 202
4 224
4 246
26 48
26 70
26 92
26 114
26 136
26 158
26 180
26 202
26 224
26 246
48 70
48 92
48 114
48 136
48 158
48 180
48 202
48 224
48 246
70 92
70 114
70 136
70 158
70 180
70 202
70 224
70 246
92 114
92 136
92 158
92 180
92 202
92 224
92 246
114 136
114 158
114 180
114 202
114 224
114 246
136 158
136 180
136 202
136 224
136 246
158 180
158 202
158 224
158 246
180 202
180 224
180 246
202 224
202 246
224 246
6 28
6 50
6 72
6 94
6 116
6 138
6 160
6 182
6 204
6 226
6 248
28 50
28 72
28 94
28 116
28 138
28 160
28 182
28 204
28 226
28 248
50 72
50 94
50 116
50 138
50 160
50 182
50 204
50 226
50 248
72 94
72 116
72 138
72 160
72 182
72 204
72 226
72 248
94 116
94 138
94 160
94 182
94 204
94 226
94 248
116 138
116 160
116 182
116 204
116 226
116 248
138 160
138 182
138 204
138 226
138 248
160 182
160 204
160 226
160 248
182 204
182 226
182 248
204 226
204 248
226 248
8 30
8 52
8 74
8 96
8 118
8 140
8 162
8 184
8 206
8 228
8 250
30 52
30 74
30 96
30 118
30 140
30 162
30 184
30 206
30 228
30 250
52 74
52 96
52 118
52 140
52 162
52 184
52 206
52 228
52 250
74 96
74 118
74 140
74 162
74 184
74 206
74 228
74 250
96 118
96 140
96 162
96 184
96 206
96 228
96 250
118 140
118 162
118 184
118 206
118 228
118 250
140 162
140 184
140 206
140 228
140 250
162 184
162 206
162 228
162 250
184 206
184 228
184 250
206 228
206 250
228 250
10 32
10 54
10 76
10 98
10 120
10 142
10 164
10 186
10 208
10 230
10 252
32 54
32 76
32 98
32 120
32 142
32 164
32 186
32 208
32 230
32 252
54 76
54 98
54 120
54 142
54 164
54 186
54 208
54 230
54 252
76 98
76 120
76 142
76 164
76 186
76 208
76 230
76 252
98 120
98 142
98 164
98 186
98 208
98 230
98 252
120 142
120 164
120 186
120 208
120 230
120 252
142 164
142 186
142 208
142 230
142 252
164 186
164 208
164 230
164 252
186 208
186 230
186 252
208 230
208 252
230 252
12 34
12 56
12 78
12 100
12 122
12 144
12 166
12 188
12 210
12 232
12 254
34 56
34 78
34 100
34 122
34 144
34 166
34 188
34 210
34 232
34 254
56 78
56 100
56 122
56 144
56 166
56 188
56 210
56 232
56 254
78 100
78 122
78 144
78 166
78 188
78 210
78 232
78 254
100 122
100 144
100 166
100 188
100 210
100 232
100 254
122 144
122 166
122 188
122 210
122 232
122 254
144 166
144 188
144 210
144 232
144 254
166 188
166 210
166 232
166 254
188 210
188 232
188 254
210 232
210 254
232 254
14 36
14 58
14 80
14 102
14 124
14 146
14 168
14 190
14 212
14 234
14 256
36 58
36 80
36 102
36 124
36 146
36 168
36 190
36 212
36 234
36 256
58 80
58 102
58 124
58 146
58 168
58 190
58 212
58 234
58 256
80 102
80 124
80 146
80 168
80 190
80 212
80 234
80 256
102 124
102 146
102 168
102 190
102 212
102 234
102 256
124 146
124 168
124 190
124 212
124 234
124 256
146 168
146 190
146 212
146 234
146 256
168 190
168 212
168 234
168 256
190 212
190 234
190 256
212 234
212 256
234 256
16 38
16 60
16 82
16 104
16 126
16 148
16 170
16 192
16 214
16 236
16 258
38 60
38 82
38 104
38 126
38 148
38 170
38 192
38 214
38 236
38 258
60 82
60 104
60 126
60 148
60 170
60 192
60 214
60 236
60 258
82 104
82 126
82 148
82 170
82 192
82 214
82 236
82 258
104 126
104 148
104 170
104 192
104 214
104 236
104 258
126 148
126 170
126 192
126 214
126 236
126 258
148 170
148 192
148 214
148 236
148 258
170 192
170 214
170 236
170 258
192 214
192 236
192 258
214 236
214 258
236 258
18 40
18 62
18 84
18 106
18 128
18 150
18 172
18 194
18 216
18 238
18 260
40 62
40 84
40 106
40 128
40 150
40 172
40 194
40 216
40 238
40 260
62 84
62 106
62 128
62 150
62 172
62 194
62 216
62 238
62 260
84 106
84 128
84 150
84 172
84 194
84 216
84 238
84 260
106 128
106 150
106 172
106 194
106 216
106 238
106 260
128 150
128 172
128 194
128 216
128 238
128 260
150 172
150 194
150 216
150 238
150 260
172 194
172 216
172 238
172 260
194 216
194 238
194 260
216 238
216 260
238 260
20 42
20 64
20 86
20 108
20 130
20 152
20 174
20 196
20 218
20 240
20 262
42 64
42 86
42 108
42 130
42 152
42 174
42 196
42 218
42 240
42 262
64 86
64 108
64 130
64 152
64 174
64 196
64 218
64 240
64 262
86 108
86 130
86 152
86 174
86 196
86 218
86 240
86 262
108 130
108 152
108 174
108 196
108 218
108 240
108 262
130 152
130 174
130 196
130 218
130 240
130 262
152 174
152 196
152 218
152 240
152 262
174 196
174 218
174 240
174 262
196 218
196 240
196 262
218 240
218 262
240 262
22 44
22 66
22 88
22 110
22 132
22 154
22 176
22 198
22 220
22 242
22 264
44 66
44 88
44 110
44 132
44 154
44 176
44 198
44 220
44 242
44 264
66 88
66 110
66 132
66 154
66 176
66 198
66 220
66 242
66 264
88 110
88 132
88 154
88 176
88 198
88 220
88 242
88 264
110 132
110 154
110 176
110 198
110 220
110 242
110 264
132 154
132 176
132 198
132 220
132 242
132 264
154 176
154 198
154 220
154 242
154 264
176 198
176 220
176 242
176 264
198 220
198 242
198 264
220 242
220 264
242 264
