1 3 5 7 9 11
13 15 17 19 21 23
25 27 29 31 33 35
37 39 41 43 45 47
49 51 53 55 57 59
61 63 65 67 69 71
73 75 77 79 81 83
2 4 6 8 10 12
14 16 18 20 22 24
26 28 30 32 34 36
38 40 42 44 46 48
50 52 54 56 58 60
62 64 66 68 70 72
74 76 78 80 82 84
2 14
2 26
2 38
2 50
2 62
2 74
14 26
14 38
14 50
14 62
14 74
26 38
26 50
26 62
26 74
38 50
38 62
38 74
50 62
50 74
62 74
4 16
4 28
4 40
4 52
4 64
4 76
16 28
16 40
16 52
16 64
16 76
28 40
28 52
28 64
28 76
40 52
40 64
40 76
52 64
52 76
64 76
6 18
6 30
6 42
6 54
6 66
6 78
18 30
18 42
18 54
18 66
18 78
30 42
30 54
30 66
30 78
42 54
42 66
42 78
54 66
54 78
66 78
8 20
8 32
8 44
8 56
8 68
8 80
20 32
20 44
20 56
20 68
20 80
32 44
32 56
32 68
32 80
44 56
44 68
44 80
56 68
56 80
68 80
10 22
10 34
10 46
10 58
10 70
10 82
22 34
22 46
22 58
22 70
22 82
34 46
34 58
34 70
34 82
46 58
46 70
46 82
58 70
58 82
70 82
12 24
12 36
12 48
12 60
12 72
12 84
24 36
24 48
24 60
24 72
24 84
36 48
36 60
36 72
36 84
48 60
48 72
48 84
60 72
60 84
72 84
