1 3 5 7 9 11 13 15
17 19 21 23 25 27 29 31
33 35 37 39 41 43 45 47
49 51 53 55 57 59 61 63
65 67 69 71 73 75 77 79
81 83 85 87 89 91 93 95
97 99 101 103 105 107 109 111
113 115 117 119 121 123 125 127
129 131 133 135 137 139 141 143
2 4 6 8 10 12 14 16
18 20 22 24 26 28 30 32
34 36 38 40 42 44 46 48
50 52 54 56 58 60 62 64
66 68 70 72 74 76 78 80
82 84 86 88 90 92 94 96
98 100 102 104 106 108 110 112
114 116 118 120 122 124 126 128
130 132 134 136 138 140 142 144
2 18
2 34
2 50
2 66
2 82
2 98
2 114
2 130
18 34
18 50
18 66
18 82
18 98
18 114
18 130
34 50
34 66
34 82
34 98
34 114
34 130
50 66
50 82
50 98
50 114
50 130
66 82
66 98
66 114
66 130
82 98
82 114
82 130
98 114
98 130
114 130
4 20
4 36
4 52
4 68
4 84
4 100
4 116
4 132
20 36
20 52
20 68
20 84
20 100
20 116
20 132
36 52
36 68
36 84
36 100
36 116
36 132
52 68
52 84
52 100
52 116
52 132
68 84
68 100
68 116
68 132
84 100
84 116
84 132
100 116
100 132
116 132
6 22
6 38
6 54
6 70
6 86
6 102
6 118
6 134
22 38
22 54
22 70
22 86
22 102
22 118
22 134
38 54
38 70
38 86
38 102
38 118
38 134
54 70
54 86
54 102
54 118
54 134
70 86
70 102
70 118
70 134
86 102
86 118
86 134
102 118
102 134
118 134
8 24
8 40
8 56
8 72
8 88
8 104
8 120
8 136
24 40
24 56
24 72
24 88
24 104
24 120
24 136
40 56
40 72
40 88
40 104
40 120
40 136
56 72
56 88
56 104
56 120
56 136
72 88
72 104
72 120
72 136
88 104
88 120
88 136
104 120
104 136
120 136
10 26
10 42
10 58
10 74
10 90
10 106
10 122
10 138
26 42
26 58
26 74
26 90
26 106
26 122
26 138
42 58
42 74
42 90
42 106
42 122
42 138
58 74
58 90
58 106
58 122
58 138
74 90
74 106
74 122
74 138
90 106
90 122
90 138
106 122
106 138
122 138
12 28
12 44
12 60
12 76
12 92
12 108
12 124
12 140
28 44
28 60
28 76
28 92
28 108
28 124
28 140
44 60
44 76
44 92
44 108
44 124
44 140
60 76
60 92
60 108
60 124
60 140
76 92
76 108
76 124
76 140
92 108
92 124
92 140
108 124
108 140
124 140
14 30
14 46
14 62
14 78
14 94
14 110
14 126
14 142
30 46
30 62
30 78
30 94
30 110
30 126
30 142
46 62
46 78
46 94
46 110
46 126
46 142
62 78
62 94
62 110
62 126
62 142
78 94
78 110
78 126
78 142
94 110
94 126
94 142
110 126
110 142
126 142
16 32
16 48
16 64
16 80
16 96
16 112
16 128
16 144
32 48
32 64
32 80
32 96
32 112
32 128
32 144
48 64
48 80
48 96
48 112
48 128
48 144
64 80
64 96
64 112
64 128
64 144
80 96
80 112
80 128
80 144
96 112
96 128
96 144
112 128
112 144
128 144
