1 3 5 7 9 11 13 15 17 19
21 23 25 27 29 31 33 35 37 39
41 43 45 47 49 51 53 55 57 59
61 63 65 67 69 71 73 75 77 79
81 83 85 87 89 91 93 95 97 99
101 103 105 107 109 111 113 115 117 119
121 123 125 127 129 131 133 135 137 139
141 143 145 147 149 151 153 155 157 159
161 163 165 167 169 171 173 175 177 179
181 183 185 187 189 191 193 195 197 199
2 4 6 8 10 12 14 16 18 20
22 24 26 28 30 32 34 36 38 40
42 44 46 48 50 52 54 56 58 60
62 64 66 68 70 72 74 76 78 80
82 84 86 88 90 92 94 96 98 100
102 104 106 108 110 112 114 116 118 120
122 124 126 128 130 132 134 136 138 140
142 144 146 148 150 152 154 156 158 160
162 164 166 168 170 172 174 176 178 180
182 184 186 188 190 192 194 196 198 200
2 22
2 42
2 62
2 82
2 102
2 122
2 142
2 162
2 182
22 42
22 62
22 82
22 102
22 122
22 142
22 162
22 182
42 62
42 82
42 102
42 122
42 142
42 162
42 182
62 82
62 102
62 122
62 142
62 162
62 182
82 102
82 122
82 142
82 162
82 182
102 122
102 142
102 162
102 182
122 142
122 162
122 182
142 162
142 182
162 182
4 24
4 44
4 64
4 84
4 104
4 124
4 144
4 164
4 184
24 44
24 64
24 84
24 104
24 124
24 144
24 164
24 184
44 64
44 84
44 104
44 124
44 144
44 164
44 184
64 84
64 104
64 124
64 144
64 164
64 184
84 104
84 124
84 144
84 164
84 184
104 124
104 144
104 164
104 184
124 144
124 164
124 184
144 164
144 184
164 184
6 26
6 46
6 66
6 86
6 106
6 126
6 146
6 166
6 186
26 46
26 66
26 86
26 106
26 126
26 146
26 166
26 186
46 66
46 86
46 106
46 126
46 146
46 166
46 186
66 86
66 106
66 126
66 146
66 166
66 186
86 106
86 126
86 146
86 166
86 186
106 126
106 146
106 166
106 186
126 146
126 166
126 186
146 166
146 186
166 186
8 28
8 48
8 68
8 88
8 108
8 128
8 148
8 168
8 188
28 48
28 68
28 88
28 108
28 128
28 148
28 168
28 188
48 68
48 88
48 108
48 128
48 148
48 168
48 188
68 88
68 108
68 128
68 148
68 168
68 188
88 108
88 128
88 148
88 168
88 188
108 128
108 148
108 168
108 188
128 148
128 168
128 188
148 168
148 188
168 188
10 30
10 50
10 70
10 90
10 110
10 130
10 150
10 170
10 190
30 50
30 70
30 90
30 110
30 130
30 150
30 170
30 190
50 70
50 90
50 110
50 130
50 150
50 170
50 190
70 90
70 110
70 130
70 150
70 170
70 190
90 110
90 130
90 150
90 170
90 190
110 130
110 150
110 170
110 190
130 150
130 170
130 190
150 170
150 190
170 190
12 32
12 52
12 72
12 92
12 112
12 132
12 152
12 172
12 192
32 52
32 72
32 92
32 112
32 132
32 152
32 172
32 192
52 72
52 92
52 112
52 132
52 152
52 172
52 192
72 92
72 112
72 132
72 152
72 172
72 192
92 112
92 132
92 152
92 172
92 192
112 132
112 152
112 172
112 192
132 152
132 172
132 192
152 172
152 192
172 192
14 34
14 54
14 74
14 94
14 114
14 134
14 154
14 174
14 194
34 54
34 74
34 94
34 114
34 134
34 154
34 174
34 194
54 74
54 94
54 114
54 134
54 154
54 174
54 194
74 94
74 114
74 134
74 154
74 174
74 194
94 114
94 134
94 154
94 174
94 194
114 134
114 154
114 174
114 194
134 154
134 174
134 194
154 174
154 194
174 194
16 36
16 56
16 76
16 96
16 116
16 136
16 156
16 176
16 196
36 56
36 76
36 96
36 116
36 136
36 156
36 176
36 196
56 76
56 96
56 116
56 136
56 156
56 176
56 196
76 96
76 116
76 136
76 156
76 176
76 196
96 116
96 136
96 156
96 176
96 196
116 136
116 156
116 176
116 196
136 156
136 176
136 196
156 176
156 196
176 196
18 38
18 58
18 78
18 98
18 118
18 138
18 158
18 178
18 198
38 58
38 78
38 98
38 118
38 138
38 158
38 178
38 198
58 78
58 98
58 118
58 138
58 158
58 178
58 198
78 98
78 118
78 138
78 158
78 178
78 198
98 118
98 138
98 158
98 178
98 198
118 138
118 158
118 178
118 198
138 158
138 178
138 198
158 178
158 198
178 198
20 40
20 60
20 80
20 100
20 120
20 140
20 160
20 180
20 200
40 60
40 80
40 100
40 120
40 140
40 160
40 180
40 200
60 80
60 100
60 120
60 140
60 160
60 180
60 200
80 100
80 120
80 140
80 160
80 180
80 200
100 120
100 140
100 160
100 180
100 200
120 140
120 160
120 180
120 200
140 160
140 180
140 200
160 180
160 200
180 200
2 24
2 46
2 68
2 90
2 112
2 134
2 156
2 178
2 200
4 22
4 26
4 48
4 70
4 92
4 114
4 136
4 158
4 180
6 24
6 42
6 28
6 50
6 72
6 94
6 116
6 138
6 160
8 26
8 44
8 62
8 30
8 52
8 74
8 96
8 118
8 140
10 28
10 46
10 64
10 82
10 32
10 54
10 76
10 98
10 120
12 30
12 48
12 66
12 84
12 102
12 34
12 56
12 78
12 100
14 32
14 50
14 68
14 86
14 104
14 122
14 36
14 58
14 80
16 34
16 52
16 70
16 88
16 106
16 124
16 142
16 38
16 60
18 36
18 54
18 72
18 90
18 108
18 126
18 144
18 162
18 40
20 38
20 56
20 74
20 92
20 110
20 128
20 146
20 164
20 182
22 44
22 66
22 88
22 110
22 132
22 154
22 176
22 198
24 42
24 46
24 68
24 90
24 112
24 134
24 156
24 178
24 200
26 44
26 62
26 48
26 70
26 92
26 114
26 136
26 158
26 180
28 46
28 64
28 82
28 50
28 72
28 94
28 116
28 138
28 160
30 48
30 66
30 84
30 102
30 52
30 74
30 96
30 118
30 140
32 50
32 68
32 86
32 104
32 122
32 54
32 76
32 98
32 120
34 52
34 70
34 88
34 106
34 124
34 142
34 56
34 78
34 100
36 54
36 72
36 90
36 108
36 126
36 144
36 162
36 58
36 80
38 56
38 74
38 92
38 110
38 128
38 146
38 164
38 182
38 60
40 58
40 76
40 94
40 112
40 130
40 148
40 166
40 184
42 64
42 86
42 108
42 130
42 152
42 174
42 196
44 62
44 66
44 88
44 110
44 132
44 154
44 176
44 198
46 64
46 82
46 68
46 90
46 112
46 134
46 156
46 178
46 200
48 66
48 84
48 102
48 70
48 92
48 114
48 136
48 158
48 180
50 68
50 86
50 104
50 122
50 72
50 94
50 116
50 138
50 160
52 70
52 88
52 106
52 124
52 142
52 74
52 96
52 118
52 140
54 72
54 90
54 108
54 126
54 144
54 162
54 76
54 98
54 120
56 74
56 92
56 110
56 128
56 146
56 164
56 182
56 78
56 100
58 76
58 94
58 112
58 130
58 148
58 166
58 184
58 80
60 78
60 96
60 114
60 132
60 150
60 168
60 186
62 84
62 106
62 128
62 150
62 172
62 194
64 82
64 86
64 108
64 130
64 152
64 174
64 196
66 84
66 102
66 88
66 110
66 132
66 154
66 176
66 198
68 86
68 104
68 122
68 90
68 112
68 134
68 156
68 178
68 200
70 88
70 106
70 124
70 142
70 92
70 114
70 136
70 158
70 180
72 90
72 108
72 126
72 144
72 162
72 94
72 116
72 138
72 160
74 92
74 110
74 128
74 146
74 164
74 182
74 96
74 118
74 140
76 94
76 112
76 130
76 148
76 166
76 184
76 98
76 120
78 96
78 114
78 132
78 150
78 168
78 186
78 100
80 98
80 116
80 134
80 152
80 170
80 188
82 104
82 126
82 148
82 170
82 192
84 102
84 106
84 128
84 150
84 172
84 194
86 104
86 122
86 108
86 130
86 152
86 174
86 196
88 106
88 124
88 142
88 110
88 132
88 154
88 176
88 198
90 108
90 126
90 144
90 162
90 112
90 134
90 156
90 178
90 200
92 110
92 128
92 146
92 164
92 182
92 114
92 136
92 158
92 180
94 112
94 130
94 148
94 166
94 184
94 116
94 138
94 160
96 114
96 132
96 150
96 168
96 186
96 118
96 140
98 116
98 134
98 152
98 170
98 188
98 120
100 118
100 136
100 154
100 172
100 190
102 124
102 146
102 168
102 190
104 122
104 126
104 148
104 170
104 192
106 124
106 142
106 128
106 150
106 172
106 194
108 126
108 144
108 162
108 130
108 152
108 174
108 196
110 128
110 146
110 164
110 182
110 132
110 154
110 176
110 198
112 130
112 148
112 166
112 184
112 134
112 156
112 178
112 200
114 132
114 150
114 168
114 186
114 136
114 158
114 180
116 134
116 152
116 170
116 188
116 138
116 160
118 136
118 154
118 172
118 190
118 140
120 138
120 156
120 174
120 192
122 144
122 166
122 188
124 142
124 146
124 168
124 190
126 144
126 162
126 148
126 170
126 192
128 146
128 164
128 182
128 150
128 172
128 194
130 148
130 166
130 184
130 152
130 174
130 196
132 150
132 168
132 186
132 154
132 176
132 198
134 152
134 170
134 188
134 156
134 178
134 200
136 154
136 172
136 190
136 158
136 180
138 156
138 174
138 192
138 160
140 158
140 176
140 194
142 164
142 186
144 162
144 166
144 188
146 164
146 182
146 168
146 190
148 166
148 184
148 170
148 192
150 168
150 186
150 172
150 194
152 170
152 188
152 174
152 196
154 172
154 190
154 176
154 198
156 174
156 192
156 178
156 200
158 176
158 194
158 180
160 178
160 196
162 184
164 182
164 186
166 184
166 188
168 186
168 190
170 188
170 192
172 190
172 194
174 192
174 196
176 194
176 198
178 196
178 200
180 198
