1 3 5 7 9
11 13 15 17 19
21 23 25 27 29
31 33 35 37 39
41 43 45 47 49
2 4 6 8 10
12 14 16 18 20
22 24 26 28 30
32 34 36 38 40
42 44 46 48 50
2 12
2 22
2 32
2 42
12 22
12 32
12 42
22 32
22 42
32 42
4 14
4 24
4 34
4 44
14 24
14 34
14 44
24 34
24 44
34 44
6 16
6 26
6 36
6 46
16 26
16 36
16 46
26 36
26 46
36 46
8 18
8 28
8 38
8 48
18 28
18 38
18 48
28 38
28 48
38 48
10 20
10 30
10 40
10 50
20 30
20 40
20 50
30 40
30 50
40 50
2 14
2 26
2 38
2 50
4 12
4 16
4 28
4 40
6 14
6 22
6 18
6 30
8 16
8 24
8 32
8 20
10 18
10 26
10 34
10 42
12 24
12 36
12 48
14 22
14 26
14 38
14 50
16 24
16 32
16 28
16 40
18 26
18 34
18 42
18 30
20 28
20 36
20 44
22 34
22 46
24 32
24 36
24 48
26 34
26 42
26 38
26 50
28 36
28 44
28 40
30 38
30 46
32 44
34 42
34 46
36 44
36 48
38 46
38 50
40 48
