1 3 5 7 9 11 13 15 17 19 21
23 25 27 29 31 33 35 37 39 41 43
45 47 49 51 53 55 57 59 61 63 65
67 69 71 73 75 77 79 81 83 85 87
89 91 93 95 97 99 101 103 105 107 109
111 113 115 117 119 121 123 125 127 129 131
133 135 137 139 141 143 145 147 149 151 153
155 157 159 161 163 165 167 169 171 173 175
177 179 181 183 185 187 189 191 193 195 197
199 201 203 205 207 209 211 213 215 217 219
221 223 225 227 229 231 233 235 237 239 241
2 4 6 8 10 12 14 16 18 20 22
24 26 28 30 32 34 36 38 40 42 44
46 48 50 52 54 56 58 60 62 64 66
68 70 72 74 76 78 80 82 84 86 88
90 92 94 96 98 100 102 104 106 108 110
112 114 116 118 120 122 124 126 128 130 132
134 136 138 140 142 144 146 148 150 152 154
156 158 160 162 164 166 168 170 172 174 176
178 180 182 184 186 188 190 192 194 196 198
200 202 204 206 208 210 212 214 216 218 220
222 224 226 228 230 232 234 236 238 240 242
2 24
2 46
2 68
2 90
2 112
2 134
2 156
2 178
2 200
2 222
24 46
24 68
24 90
24 112
24 134
24 156
24 178
24 200
24 222
46 68
46 90
46 112
46 134
46 156
46 178
46 200
46 222
68 90
68 112
68 134
68 156
68 178
68 200
68 222
90 112
90 134
90 156
90 178
90 200
90 222
112 134
112 156
112 178
112 200
112 222
134 156
134 178
134 200
134 222
156 178
156 200
156 222
178 200
178 222
200 222
4 26
4 48
4 70
4 92
4 114
4 136
4 158
4 180
4 202
4 224
26 48
26 70
26 92
26 114
26 136
26 158
26 180
26 202
26 224
48 70
48 92
48 114
48 136
48 158
48 180
48 202
48 224
70 92
70 114
70 136
70 158
70 180
70 202
70 224
92 114
92 136
92 158
92 180
92 202
92 224
114 136
114 158
114 180
114 202
114 224
136 158
136 180
136 202
136 224
158 180
158 202
158 224
180 202
180 224
202 224
6 28
6 50
6 72
6 94
6 116
6 138
6 160
6 182
6 204
6 226
28 50
28 72
28 94
28 116
28 138
28 160
28 182
28 204
28 226
50 72
50 94
50 116
50 138
50 160
50 182
50 204
50 226
72 94
72 116
72 138
72 160
72 182
72 204
72 226
94 116
94 138
94 160
94 182
94 204
94 226
116 138
116 160
116 182
116 204
116 226
138 160
138 182
138 204
138 226
160 182
160 204
160 226
182 204
182 226
204 226
8 30
8 52
8 74
8 96
8 118
8 140
8 162
8 184
8 206
8 228
30 52
30 74
30 96
30 118
30 140
30 162
30 184
30 206
30 228
52 74
52 96
52 118
52 140
52 162
52 184
52 206
52 228
74 96
74 118
74 140
74 162
74 184
74 206
74 228
96 118
96 140
96 162
96 184
96 206
96 228
118 140
118 162
118 184
118 206
118 228
140 162
140 184
140 206
140 228
162 184
162 206
162 228
184 206
184 228
206 228
10 32
10 54
10 76
10 98
10 120
10 142
10 164
10 186
10 208
10 230
32 54
32 76
32 98
32 120
32 142
32 164
32 186
32 208
32 230
54 76
54 98
54 120
54 142
54 164
54 186
54 208
54 230
76 98
76 120
76 142
76 164
76 186
76 208
76 230
98 120
98 142
98 164
98 186
98 208
98 230
120 142
120 164
120 186
120 208
120 230
142 164
142 186
142 208
142 230
164 186
164 208
164 230
186 208
186 230
208 230
12 34
12 56
12 78
12 100
12 122
12 144
12 166
12 188
12 210
12 232
34 56
34 78
34 100
34 122
34 144
34 166
34 188
34 210
34 232
56 78
56 100
56 122
56 144
56 166
56 188
56 210
56 232
78 100
78 122
78 144
78 166
78 188
78 210
78 232
100 122
100 144
100 166
100 188
100 210
100 232
122 144
122 166
122 188
122 210
122 232
144 166
144 188
144 210
144 232
166 188
166 210
166 232
188 210
188 232
210 232
14 36
14 58
14 80
14 102
14 124
14 146
14 168
14 190
14 212
14 234
36 58
36 80
36 102
36 124
36 146
36 168
36 190
36 212
36 234
58 80
58 102
58 124
58 146
58 168
58 190
58 212
58 234
80 102
80 124
80 146
80 168
80 190
80 212
80 234
102 124
102 146
102 168
102 190
102 212
102 234
124 146
124 168
124 190
124 212
124 234
146 168
146 190
146 212
146 234
168 190
168 212
168 234
190 212
190 234
212 234
16 38
16 60
16 82
16 104
16 126
16 148
16 170
16 192
16 214
16 236
38 60
38 82
38 104
38 126
38 148
38 170
38 192
38 214
38 236
60 82
60 104
60 126
60 148
60 170
60 192
60 214
60 236
82 104
82 126
82 148
82 170
82 192
82 214
82 236
104 126
104 148
104 170
104 192
104 214
104 236
126 148
126 170
126 192
126 214
126 236
148 170
148 192
148 214
148 236
170 192
170 214
170 236
192 214
192 236
214 236
18 40
18 62
18 84
18 106
18 128
18 150
18 172
18 194
18 216
18 238
40 62
40 84
40 106
40 128
40 150
40 172
40 194
40 216
40 238
62 84
62 106
62 128
62 150
62 172
62 194
62 216
62 238
84 106
84 128
84 150
84 172
84 194
84 216
84 238
106 128
106 150
106 172
106 194
106 216
106 238
128 150
128 172
128 194
128 216
128 238
150 172
150 194
150 216
150 238
172 194
172 216
172 238
194 216
194 238
216 238
20 42
20 64
20 86
20 108
20 130
20 152
20 174
20 196
20 218
20 240
42 64
42 86
42 108
42 130
42 152
42 174
42 196
42 218
42 240
64 86
64 108
64 130
64 152
64 174
64 196
64 218
64 240
86 108
86 130
86 152
86 174
86 196
86 218
86 240
108 130
108 152
108 174
108 196
108 218
108 240
130 152
130 174
130 196
130 218
130 240
152 174
152 196
152 218
152 240
174 196
174 218
174 240
196 218
196 240
218 240
22 44
22 66
22 88
22 110
22 132
22 154
22 176
22 198
22 220
22 242
44 66
44 88
44 110
44 132
44 154
44 176
44 198
44 220
44 242
66 88
66 110
66 132
66 154
66 176
66 198
66 220
66 242
88 110
88 132
88 154
88 176
88 198
88 220
88 242
110 132
110 154
110 176
110 198
110 220
110 242
132 154
132 176
132 198
132 220
132 242
154 176
154 198
154 220
154 242
176 198
176 220
176 242
198 220
198 242
220 242
2 26
2 50
2 74
2 98
2 122
2 146
2 170
2 194
2 218
2 242
4 24
4 28
4 52
4 76
4 100
4 124
4 148
4 172
4 196
4 220
6 26
6 46
6 30
6 54
6 78
6 102
6 126
6 150
6 174
6 198
8 28
8 48
8 68
8 32
8 56
8 80
8 104
8 128
8 152
8 176
10 30
10 50
10 70
10 90
10 34
10 58
10 82
10 106
10 130
10 154
12 32
12 52
12 72
12 92
12 112
12 36
12 60
12 84
12 108
12 132
14 34
14 54
14 74
14 94
14 114
14 134
14 38
14 62
14 86
14 110
16 36
16 56
16 76
16 96
16 116
16 136
16 156
16 40
16 64
16 88
18 38
18 58
18 78
18 98
18 118
18 138
18 158
18 178
18 42
18 66
20 40
20 60
20 80
20 100
20 120
20 140
20 160
20 180
20 200
20 44
22 42
22 62
22 82
22 102
22 122
22 142
22 162
22 182
22 202
22 222
24 48
24 72
24 96
24 120
24 144
24 168
24 192
24 216
24 240
26 46
26 50
26 74
26 98
26 122
26 146
26 170
26 194
26 218
26 242
28 48
28 68
28 52
28 76
28 100
28 124
28 148
28 172
28 196
28 220
30 50
30 70
30 90
30 54
30 78
30 102
30 126
30 150
30 174
30 198
32 52
32 72
32 92
32 112
32 56
32 80
32 104
32 128
32 152
32 176
34 54
34 74
34 94
34 114
34 134
34 58
34 82
34 106
34 130
34 154
36 56
36 76
36 96
36 116
36 136
36 156
36 60
36 84
36 108
36 132
38 58
38 78
38 98
38 118
38 138
38 158
38 178
38 62
38 86
38 110
40 60
40 80
40 100
40 120
40 140
40 160
40 180
40 200
40 64
40 88
42 62
42 82
42 102
42 122
42 142
42 162
42 182
42 202
42 222
42 66
44 64
44 84
44 104
44 124
44 144
44 164
44 184
44 204
44 224
46 70
46 94
46 118
46 142
46 166
46 190
46 214
46 238
48 68
48 72
48 96
48 120
48 144
48 168
48 192
48 216
48 240
50 70
50 90
50 74
50 98
50 122
50 146
50 170
50 194
50 218
50 242
52 72
52 92
52 112
52 76
52 100
52 124
52 148
52 172
52 196
52 220
54 74
54 94
54 114
54 134
54 78
54 102
54 126
54 150
54 174
54 198
56 76
56 96
56 116
56 136
56 156
56 80
56 104
56 128
56 152
56 176
58 78
58 98
58 118
58 138
58 158
58 178
58 82
58 106
58 130
58 154
60 80
60 100
60 120
60 140
60 160
60 180
60 200
60 84
60 108
60 132
62 82
62 102
62 122
62 142
62 162
62 182
62 202
62 222
62 86
62 110
64 84
64 104
64 124
64 144
64 164
64 184
64 204
64 224
64 88
66 86
66 106
66 126
66 146
66 166
66 186
66 206
66 226
68 92
68 116
68 140
68 164
68 188
68 212
68 236
70 90
70 94
70 118
70 142
70 166
70 190
70 214
70 238
72 92
72 112
72 96
72 120
72 144
72 168
72 192
72 216
72 240
74 94
74 114
74 134
74 98
74 122
74 146
74 170
74 194
74 218
74 242
76 96
76 116
76 136
76 156
76 100
76 124
76 148
76 172
76 196
76 220
78 98
78 118
78 138
78 158
78 178
78 102
78 126
78 150
78 174
78 198
80 100
80 120
80 140
80 160
80 180
80 200
80 104
80 128
80 152
80 176
82 102
82 122
82 142
82 162
82 182
82 202
82 222
82 106
82 130
82 154
84 104
84 124
84 144
84 164
84 184
84 204
84 224
84 108
84 132
86 106
86 126
86 146
86 166
86 186
86 206
86 226
86 110
88 108
88 128
88 148
88 168
88 188
88 208
88 228
90 114
90 138
90 162
90 186
90 210
90 234
92 112
92 116
92 140
92 164
92 188
92 212
92 236
94 114
94 134
94 118
94 142
94 166
94 190
94 214
94 238
96 116
96 136
96 156
96 120
96 144
96 168
96 192
96 216
96 240
98 118
98 138
98 158
98 178
98 122
98 146
98 170
98 194
98 218
98 242
100 120
100 140
100 160
100 180
100 200
100 124
100 148
100 172
100 196
100 220
102 122
102 142
102 162
102 182
102 202
102 222
102 126
102 150
102 174
102 198
104 124
104 144
104 164
104 184
104 204
104 224
104 128
104 152
104 176
106 126
106 146
106 166
106 186
106 206
106 226
106 130
106 154
108 128
108 148
108 168
108 188
108 208
108 228
108 132
110 130
110 150
110 170
110 190
110 210
110 230
112 136
112 160
112 184
112 208
112 232
114 134
114 138
114 162
114 186
114 210
114 234
116 136
116 156
116 140
116 164
116 188
116 212
116 236
118 138
118 158
118 178
118 142
118 166
118 190
118 214
118 238
120 140
120 160
120 180
120 200
120 144
120 168
120 192
120 216
120 240
122 142
122 162
122 182
122 202
122 222
122 146
122 170
122 194
122 218
122 242
124 144
124 164
124 184
124 204
124 224
124 148
124 172
124 196
124 220
126 146
126 166
126 186
126 206
126 226
126 150
126 174
126 198
128 148
128 168
128 188
128 208
128 228
128 152
128 176
130 150
130 170
130 190
130 210
130 230
130 154
132 152
132 172
132 192
132 212
132 232
134 158
134 182
134 206
134 230
136 156
136 160
136 184
136 208
136 232
138 158
138 178
138 162
138 186
138 210
138 234
140 160
140 180
140 200
140 164
140 188
140 212
140 236
142 162
142 182
142 202
142 222
142 166
142 190
142 214
142 238
144 164
144 184
144 204
144 224
144 168
144 192
144 216
144 240
146 166
146 186
146 206
146 226
146 170
146 194
146 218
146 242
148 168
148 188
148 208
148 228
148 172
148 196
148 220
150 170
150 190
150 210
150 230
150 174
150 198
152 172
152 192
152 212
152 232
152 176
154 174
154 194
154 214
154 234
156 180
156 204
156 228
158 178
158 182
158 206
158 230
160 180
160 200
160 184
160 208
160 232
162 182
162 202
162 222
162 186
162 210
162 234
164 184
164 204
164 224
164 188
164 212
164 236
166 186
166 206
166 226
166 190
166 214
166 238
168 188
168 208
168 228
168 192
168 216
168 240
170 190
170 210
170 230
170 194
170 218
170 242
172 192
172 212
172 232
172 196
172 220
174 194
174 214
174 234
174 198
176 196
176 216
176 236
178 202
178 226
180 200
180 204
180 228
182 202
182 222
182 206
182 230
184 204
184 224
184 208
184 232
186 206
186 226
186 210
186 234
188 208
188 228
188 212
188 236
190 210
190 230
190 214
190 238
192 212
192 232
192 216
192 240
194 214
194 234
194 218
194 242
196 216
196 236
196 220
198 218
198 238
200 224
202 222
202 226
204 224
204 228
206 226
206 230
208 228
208 232
210 230
210 234
212 232
212 236
214 234
214 238
216 236
216 240
218 238
218 242
220 240
