1 3 5 7 9 11 13 15 17
19 21 23 25 27 29 31 33 35
37 39 41 43 45 47 49 51 53
55 57 59 61 63 65 67 69 71
73 75 77 79 81 83 85 87 89
91 93 95 97 99 101 103 105 107
109 111 113 115 117 119 121 123 125
127 129 131 133 135 137 139 141 143
145 147 149 151 153 155 157 159 161
2 4 6 8 10 12 14 16 18
20 22 24 26 28 30 32 34 36
38 40 42 44 46 48 50 52 54
56 58 60 62 64 66 68 70 72
74 76 78 80 82 84 86 88 90
92 94 96 98 100 102 104 106 108
110 112 114 116 118 120 122 124 126
128 130 132 134 136 138 140 142 144
146 148 150 152 154 156 158 160 162
2 20
2 38
2 56
2 74
2 92
2 110
2 128
2 146
20 38
20 56
20 74
20 92
20 110
20 128
20 146
38 56
38 74
38 92
38 110
38 128
38 146
56 74
56 92
56 110
56 128
56 146
74 92
74 110
74 128
74 146
92 110
92 128
92 146
110 128
110 146
128 146
4 22
4 40
4 58
4 76
4 94
4 112
4 130
4 148
22 40
22 58
22 76
22 94
22 112
22 130
22 148
40 58
40 76
40 94
40 112
40 130
40 148
58 76
58 94
58 112
58 130
58 148
76 94
76 112
76 130
76 148
94 112
94 130
94 148
112 130
112 148
130 148
6 24
6 42
6 60
6 78
6 96
6 114
6 132
6 150
24 42
24 60
24 78
24 96
24 114
24 132
24 150
42 60
42 78
42 96
42 114
42 132
42 150
60 78
60 96
60 114
60 132
60 150
78 96
78 114
78 132
78 150
96 114
96 132
96 150
114 132
114 150
132 150
8 26
8 44
8 62
8 80
8 98
8 116
8 134
8 152
26 44
26 62
26 80
26 98
26 116
26 134
26 152
44 62
44 80
44 98
44 116
44 134
44 152
62 80
62 98
62 116
62 134
62 152
80 98
80 116
80 134
80 152
98 116
98 134
98 152
116 134
116 152
134 152
10 28
10 46
10 64
10 82
10 100
10 118
10 136
10 154
28 46
28 64
28 82
28 100
28 118
28 136
28 154
46 64
46 82
46 100
46 118
46 136
46 154
64 82
64 100
64 118
64 136
64 154
82 100
82 118
82 136
82 154
100 118
100 136
100 154
118 136
118 154
136 154
12 30
12 48
12 66
12 84
12 102
12 120
12 138
12 156
30 48
30 66
30 84
30 102
30 120
30 138
30 156
48 66
48 84
48 102
48 120
48 138
48 156
66 84
66 102
66 120
66 138
66 156
84 102
84 120
84 138
84 156
102 120
102 138
102 156
120 138
120 156
138 156
14 32
14 50
14 68
14 86
14 104
14 122
14 140
14 158
32 50
32 68
32 86
32 104
32 122
32 140
32 158
50 68
50 86
50 104
50 122
50 140
50 158
68 86
68 104
68 122
68 140
68 158
86 104
86 122
86 140
86 158
104 122
104 140
104 158
122 140
122 158
140 158
16 34
16 52
16 70
16 88
16 106
16 124
16 142
16 160
34 52
34 70
34 88
34 106
34 124
34 142
34 160
52 70
52 88
52 106
52 124
52 142
52 160
70 88
70 106
70 124
70 142
70 160
88 106
88 124
88 142
88 160
106 124
106 142
106 160
124 142
124 160
142 160
18 36
18 54
18 72
18 90
18 108
18 126
18 144
18 162
36 54
36 72
36 90
36 108
36 126
36 144
36 162
54 72
54 90
54 108
54 126
54 144
54 162
72 90
72 108
72 126
72 144
72 162
90 108
90 126
90 144
90 162
108 126
108 144
108 162
126 144
126 162
144 162
2 22
2 42
2 62
2 82
2 102
2 122
2 142
2 162
4 20
4 24
4 44
4 64
4 84
4 104
4 124
4 144
6 22
6 38
6 26
6 46
6 66
6 86
6 106
6 126
8 24
8 40
8 56
8 28
8 48
8 68
8 88
8 108
10 26
10 42
10 58
10 74
10 30
10 50
10 70
10 90
12 28
12 44
12 60
12 76
12 92
12 32
12 52
12 72
14 30
14 46
14 62
14 78
14 94
14 110
14 34
14 54
16 32
16 48
16 64
16 80
16 96
16 112
16 128
16 36
18 34
18 50
18 66
18 82
18 98
18 114
18 130
18 146
20 40
20 60
20 80
20 100
20 120
20 140
20 160
22 38
22 42
22 62
22 82
22 102
22 122
22 142
22 162
24 40
24 56
24 44
24 64
24 84
24 104
24 124
24 144
26 42
26 58
26 74
26 46
26 66
26 86
26 106
26 126
28 44
28 60
28 76
28 92
28 48
28 68
28 88
28 108
30 46
30 62
30 78
30 94
30 110
30 50
30 70
30 90
32 48
32 64
32 80
32 96
32 112
32 128
32 52
32 72
34 50
34 66
34 82
34 98
34 114
34 130
34 146
34 54
36 52
36 68
36 84
36 100
36 116
36 132
36 148
38 58
38 78
38 98
38 118
38 138
38 158
40 56
40 60
40 80
40 100
40 120
40 140
40 160
42 58
42 74
42 62
42 82
42 102
42 122
42 142
42 162
44 60
44 76
44 92
44 64
44 84
44 104
44 124
44 144
46 62
46 78
46 94
46 110
46 66
46 86
46 106
46 126
48 64
48 80
48 96
48 112
48 128
48 68
48 88
48 108
50 66
50 82
50 98
50 114
50 130
50 146
50 70
50 90
52 68
52 84
52 100
52 116
52 132
52 148
52 72
54 70
54 86
54 102
54 118
54 134
54 150
56 76
56 96
56 116
56 136
56 156
58 74
58 78
58 98
58 118
58 138
58 158
60 76
60 92
60 80
60 100
60 120
60 140
60 160
62 78
62 94
62 110
62 82
62 102
62 122
62 142
62 162
64 80
64 96
64 112
64 128
64 84
64 104
64 124
64 144
66 82
66 98
66 114
66 130
66 146
66 86
66 106
66 126
68 84
68 100
68 116
68 132
68 148
68 88
68 108
70 86
70 102
70 118
70 134
70 150
70 90
72 88
72 104
72 120
72 136
72 152
74 94
74 114
74 134
74 154
76 92
76 96
76 116
76 136
76 156
78 94
78 110
78 98
78 118
78 138
78 158
80 96
80 112
80 128
80 100
80 120
80 140
80 160
82 98
82 114
82 130
82 146
82 102
82 122
82 142
82 162
84 100
84 116
84 132
84 148
84 104
84 124
84 144
86 102
86 118
86 134
86 150
86 106
86 126
88 104
88 120
88 136
88 152
88 108
90 106
90 122
90 138
90 154
92 112
92 132
92 152
94 110
94 114
94 134
94 154
96 112
96 128
96 116
96 136
96 156
98 114
98 130
98 146
98 118
98 138
98 158
100 116
100 132
100 148
100 120
100 140
100 160
102 118
102 134
102 150
102 122
102 142
102 162
104 120
104 136
104 152
104 124
104 144
106 122
106 138
106 154
106 126
108 124
108 140
108 156
110 130
110 150
112 128
112 132
112 152
114 130
114 146
114 134
114 154
116 132
116 148
116 136
116 156
118 134
118 150
118 138
118 158
120 136
120 152
120 140
120 160
122 138
122 154
122 142
122 162
124 140
124 156
124 144
126 142
126 158
128 148
130 146
130 150
132 148
132 152
134 150
134 154
136 152
136 156
138 154
138 158
140 156
140 160
142 158
142 162
144 160
