1 3 5 7 9 11
13 15 17 19 21 23
25 27 29 31 33 35
37 39 41 43 45 47
49 51 53 55 57 59
61 63 65 67 69 71
2 4 6 8 10 12
14 16 18 20 22 24
26 28 30 32 34 36
38 40 42 44 46 48
50 52 54 56 58 60
62 64 66 68 70 72
2 14
2 26
2 38
2 50
2 62
14 26
14 38
14 50
14 62
26 38
26 50
26 62
38 50
38 62
50 62
4 16
4 28
4 40
4 52
4 64
16 28
16 40
16 52
16 64
28 40
28 52
28 64
40 52
40 64
52 64
6 18
6 30
6 42
6 54
6 66
18 30
18 42
18 54
18 66
30 42
30 54
30 66
42 54
42 66
54 66
8 20
8 32
8 44
8 56
8 68
20 32
20 44
20 56
20 68
32 44
32 56
32 68
44 56
44 68
56 68
10 22
10 34
10 46
10 58
10 70
22 34
22 46
22 58
22 70
34 46
34 58
34 70
46 58
46 70
58 70
12 24
12 36
12 48
12 60
12 72
24 36
24 48
24 60
24 72
36 48
36 60
36 72
48 60
48 72
60 72
2 16
2 30
2 44
2 58
2 72
4 14
4 18
4 32
4 46
4 60
6 16
6 26
6 20
6 34
6 48
8 18
8 28
8 38
8 22
8 36
10 20
10 30
10 40
10 50
10 24
12 22
12 32
12 42
12 52
12 62
14 28
14 42
14 56
14 70
16 26
16 30
16 44
16 58
16 72
18 28
18 38
18 32
18 46
18 60
20 30
20 40
20 50
20 34
20 48
22 32
22 42
22 52
22 62
22 36
24 34
24 44
24 54
24 64
26 40
26 54
26 68
28 38
28 42
28 56
28 70
30 40
30 50
30 44
30 58
30 72
32 42
32 52
32 62
32 46
32 60
34 44
34 54
34 64
34 48
36 46
36 56
36 66
38 52
38 66
40 50
40 54
40 68
42 52
42 62
42 56
42 70
44 54
44 64
44 58
44 72
46 56
46 66
46 60
48 58
48 68
50 64
52 62
52 66
54 64
54 68
56 66
56 70
58 68
58 72
60 70
