1 3 5 7 9 11 13 15
17 19 21 23 25 27 29 31
33 35 37 39 41 43 45 47
49 51 53 55 57 59 61 63
65 67 69 71 73 75 77 79
81 83 85 87 89 91 93 95
97 99 101 103 105 107 109 111
113 115 117 119 121 123 125 127
2 4 6 8 10 12 14 16
18 20 22 24 26 28 30 32
34 36 38 40 42 44 46 48
50 52 54 56 58 60 62 64
66 68 70 72 74 76 78 80
82 84 86 88 90 92 94 96
98 100 102 104 106 108 110 112
114 116 118 120 122 124 126 128
2 18
2 34
2 50
2 66
2 82
2 98
2 114
18 34
18 50
18 66
18 82
18 98
18 114
34 50
34 66
34 82
34 98
34 114
50 66
50 82
50 98
50 114
66 82
66 98
66 114
82 98
82 114
98 114
4 20
4 36
4 52
4 68
4 84
4 100
4 116
20 36
20 52
20 68
20 84
20 100
20 116
36 52
36 68
36 84
36 100
36 116
52 68
52 84
52 100
52 116
68 84
68 100
68 116
84 100
84 116
100 116
6 22
6 38
6 54
6 70
6 86
6 102
6 118
22 38
22 54
22 70
22 86
22 102
22 118
38 54
38 70
38 86
38 102
38 118
54 70
54 86
54 102
54 118
70 86
70 102
70 118
86 102
86 118
102 118
8 24
8 40
8 56
8 72
8 88
8 104
8 120
24 40
24 56
24 72
24 88
24 104
24 120
40 56
40 72
40 88
40 104
40 120
56 72
56 88
56 104
56 120
72 88
72 104
72 120
88 104
88 120
104 120
10 26
10 42
10 58
10 74
10 90
10 106
10 122
26 42
26 58
26 74
26 90
26 106
26 122
42 58
42 74
42 90
42 106
42 122
58 74
58 90
58 106
58 122
74 90
74 106
74 122
90 106
90 122
106 122
12 28
12 44
12 60
12 76
12 92
12 108
12 124
28 44
28 60
28 76
28 92
28 108
28 124
44 60
44 76
44 92
44 108
44 124
60 76
60 92
60 108
60 124
76 92
76 108
76 124
92 108
92 124
108 124
14 30
14 46
14 62
14 78
14 94
14 110
14 126
30 46
30 62
30 78
30 94
30 110
30 126
46 62
46 78
46 94
46 110
46 126
62 78
62 94
62 110
62 126
78 94
78 110
78 126
94 110
94 126
110 126
16 32
16 48
16 64
16 80
16 96
16 112
16 128
32 48
32 64
32 80
32 96
32 112
32 128
48 64
48 80
48 96
48 112
48 128
64 80
64 96
64 112
64 128
80 96
80 112
80 128
96 112
96 128
112 128
2 20
2 38
2 56
2 74
2 92
2 110
2 128
4 18
4 22
4 40
4 58
4 76
4 94
4 112
6 20
6 34
6 24
6 42
6 60
6 78
6 96
8 22
8 36
8 50
8 26
8 44
8 62
8 80
10 24
10 38
10 52
10 66
10 28
10 46
10 64
12 26
12 40
12 54
12 68
12 82
12 30
12 48
14 28
14 42
14 56
14 70
14 84
14 98
14 32
16 30
16 44
16 58
16 72
16 86
16 100
16 114
18 36
18 54
18 72
18 90
18 108
18 126
20 34
20 38
20 56
20 74
20 92
20 110
20 128
22 36
22 50
22 40
22 58
22 76
22 94
22 112
24 38
24 52
24 66
24 42
24 60
24 78
24 96
26 40
26 54
26 68
26 82
26 44
26 62
26 80
28 42
28 56
28 70
28 84
28 98
28 46
28 64
30 44
30 58
30 72
30 86
30 100
30 114
30 48
32 46
32 60
32 74
32 88
32 102
32 116
34 52
34 70
34 88
34 106
34 124
36 50
36 54
36 72
36 90
36 108
36 126
38 52
38 66
38 56
38 74
38 92
38 110
38 128
40 54
40 68
40 82
40 58
40 76
40 94
40 112
42 56
42 70
42 84
42 98
42 60
42 78
42 96
44 58
44 72
44 86
44 100
44 114
44 62
44 80
46 60
46 74
46 88
46 102
46 116
46 64
48 62
48 76
48 90
48 104
48 118
50 68
50 86
50 104
50 122
52 66
52 70
52 88
52 106
52 124
54 68
54 82
54 72
54 90
54 108
54 126
56 70
56 84
56 98
56 74
56 92
56 110
56 128
58 72
58 86
58 100
58 114
58 76
58 94
58 112
60 74
60 88
60 102
60 116
60 78
60 96
62 76
62 90
62 104
62 118
62 80
64 78
64 92
64 106
64 120
66 84
66 102
66 120
68 82
68 86
68 104
68 122
70 84
70 98
70 88
70 106
70 124
72 86
72 100
72 114
72 90
72 108
72 126
74 88
74 102
74 116
74 92
74 110
74 128
76 90
76 104
76 118
76 94
76 112
78 92
78 106
78 120
78 96
80 94
80 108
80 122
82 100
82 118
84 98
84 102
84 120
86 100
86 114
86 104
86 122
88 102
88 116
88 106
88 124
90 104
90 118
90 108
90 126
92 106
92 120
92 110
92 128
94 108
94 122
94 112
96 110
96 124
98 116
100 114
100 118
102 116
102 120
104 118
104 122
106 120
106 124
108 122
108 126
110 124
110 128
112 126
