1 3 5 7 9 11 13
15 17 19 21 23 25 27
29 31 33 35 37 39 41
43 45 47 49 51 53 55
57 59 61 63 65 67 69
71 73 75 77 79 81 83
85 87 89 91 93 95 97
2 4 6 8 10 12 14
16 18 20 22 24 26 28
30 32 34 36 38 40 42
44 46 48 50 52 54 56
58 60 62 64 66 68 70
72 74 76 78 80 82 84
86 88 90 92 94 96 98
2 16
2 30
2 44
2 58
2 72
2 86
16 30
16 44
16 58
16 72
16 86
30 44
30 58
30 72
30 86
44 58
44 72
44 86
58 72
58 86
72 86
4 18
4 32
4 46
4 60
4 74
4 88
18 32
18 46
18 60
18 74
18 88
32 46
32 60
32 74
32 88
46 60
46 74
46 88
60 74
60 88
74 88
6 20
6 34
6 48
6 62
6 76
6 90
20 34
20 48
20 62
20 76
20 90
34 48
34 62
34 76
34 90
48 62
48 76
48 90
62 76
62 90
76 90
8 22
8 36
8 50
8 64
8 78
8 92
22 36
22 50
22 64
22 78
22 92
36 50
36 64
36 78
36 92
50 64
50 78
50 92
64 78
64 92
78 92
10 24
10 38
10 52
10 66
10 80
10 94
24 38
24 52
24 66
24 80
24 94
38 52
38 66
38 80
38 94
52 66
52 80
52 94
66 80
66 94
80 94
12 26
12 40
12 54
12 68
12 82
12 96
26 40
26 54
26 68
26 82
26 96
40 54
40 68
40 82
40 96
54 68
54 82
54 96
68 82
68 96
82 96
14 28
14 42
14 56
14 70
14 84
14 98
28 42
28 56
28 70
28 84
28 98
42 56
42 70
42 84
42 98
56 70
56 84
56 98
70 84
70 98
84 98
2 18
2 34
2 50
2 66
2 82
2 98
4 16
4 20
4 36
4 52
4 68
4 84
6 18
6 30
6 22
6 38
6 54
6 70
8 20
8 32
8 44
8 24
8 40
8 56
10 22
10 34
10 46
10 58
10 26
10 42
12 24
12 36
12 48
12 60
12 72
12 28
14 26
14 38
14 50
14 62
14 74
14 86
16 32
16 48
16 64
16 80
16 96
18 30
18 34
18 50
18 66
18 82
18 98
20 32
20 44
20 36
20 52
20 68
20 84
22 34
22 46
22 58
22 38
22 54
22 70
24 36
24 48
24 60
24 72
24 40
24 56
26 38
26 50
26 62
26 74
26 86
26 42
28 40
28 52
28 64
28 76
28 88
30 46
30 62
30 78
30 94
32 44
32 48
32 64
32 80
32 96
34 46
34 58
34 50
34 66
34 82
34 98
36 48
36 60
36 72
36 52
36 68
36 84
38 50
38 62
38 74
38 86
38 54
38 70
40 52
40 64
40 76
40 88
40 56
42 54
42 66
42 78
42 90
44 60
44 76
44 92
46 58
46 62
46 78
46 94
48 60
48 72
48 64
48 80
48 96
50 62
50 74
50 86
50 66
50 82
50 98
52 64
52 76
52 88
52 68
52 84
54 66
54 78
54 90
54 70
56 68
56 80
56 92
58 74
58 90
60 72
60 76
60 92
62 74
62 86
62 78
62 94
64 76
64 88
64 80
64 96
66 78
66 90
66 82
66 98
68 80
68 92
68 84
70 82
70 94
72 88
74 86
74 90
76 88
76 92
78 90
78 94
80 92
80 96
82 94
82 98
84 96
